time,id1,lon1,lat1,deep1,id2,lon2,lat2,deep2
2004-05-21T23:30:00Z,45384,43.840600000000002,-68.376199999999997,1.0,45385,43.839300000000001,-68.375799999999998,15.0
2010-07-11T19:55:00Z,107420708,42.626300000000001,-70.581000000000003,-1.0,107420707,42.621000000000002,-70.574200000000005,-13.0
2010-07-11T19:55:00Z,107420709,42.626000000000005,-70.581000000000003,-1.0,107420707,42.621000000000002,-70.574200000000005,-13.0
2011-06-28T19:00:00Z,117440671,44.643700000000003,-67.112799999999993,-5.0,117440674,44.643700000000003,-67.112799999999993,0.0
2011-06-28T19:00:00Z,117440671,44.643700000000003,-67.112799999999993,-5.0,117440675,44.643700000000003,-67.112799999999993,0.0
2011-06-28T19:00:00Z,117440671,44.643700000000003,-67.112799999999993,-5.0,117440677,44.643700000000003,-67.112799999999993,0.0
2011-06-28T19:00:00Z,117440671,44.643700000000003,-67.112799999999993,-5.0,117440676,44.643700000000003,-67.112799999999993,0.0
2011-06-28T19:00:00Z,117440671,44.643700000000003,-67.112799999999993,-5.0,117440678,44.643700000000003,-67.112799999999993,0.0
2011-06-28T19:03:00Z,117440672,44.643700000000003,-67.112799999999993,0.0,117440671,44.643700000000003,-67.112799999999993,-5.0
2011-06-28T19:03:00Z,117440673,44.643700000000003,-67.112799999999993,0.0,117440671,44.643700000000003,-67.112799999999993,-5.0
2013-09-06T17:08:00Z,139410702,41.266300000000001,-71.001099999999994,-12.0,139410701,41.264800000000001,-71.005799999999994,-7.0
